2285
2596
2546
2508
2641
2622
2579
2644
2510
3119
3150
3276
2932
2510
2839
2188
2455
2408
2462
2297
2586
2626
2535
3064
2725
2593
2617
4569
4525
4608
4770
4290
4305
4605
5042
5043
6184
7081
7054
7430
7115
3078
7418
3306
1736
7789
3325
3637
3723
2802
3733
3144
3815
3671
4107
3420
3879
2614
3495
4287
4503
3020
4413
3359
4209
4501
4796
4332
4865
4459
2770
5137
4141
4388
3725
4388
4321
4196
3764
4411
2905
4715
4820
3351
4880
5260
3155
5115
3152
5203
4501
5169
3265
3229
4488
5412
3803
3413
5242
4815
2213
4675
4089
3196
4020
4589
3420
4665
5561
5519
5845
3050
4870
5015
4928
3432
3400
4796
3514
5998
3622
2502
3729
2150
4249
3985
3870
4503
3363
4182
3341
4815
5794
4718
4298
2925
4705
4959
4897
4471
3084
4863
3410
5057
5029
3546
4827
3947
4350
5162
3663
5846
5962
5245
5683
3881
3719
5299
3093
4324
4012
3228
5600
3743
4328
3861
3800
4226
3382
4206
4563
3531
5842
4893
5140
3647
4979
4094
5314
3581
4758
3449
5036
4022
3744
3719
3419
3783
3784
3766
3208
5610
3254
4315
4144
4111
4070
5394
3303
5550
7086
6998
5031
6680
7646
5492
6193
3754
4155
6958
5920
5842
3968
4172
5600
5078
7967
5216
8611
8278
5867
8232
5822
4667
5376
8181
5311
8502
6405
8878
8788
7133
8852
9013
8567
9271
7406
9096
5239
9180
5370
5544
5501
6545
6219
7020
10718
10870
38886
39873
37066
39055
38330
40278
202877
203480
210167
203660
203623
203162
203730
203731
203622
203830
203671
203686
203749
210337
203472
203816
203982
204269
204390
204304
203955
204867
204629
204223
204621
204840
203332
204527
204863
204951
204335
204156
204219
204671
204573
204640
204305
207359
207267
210810
204938
210875
210881
210853
211812
211516
212039
205693
207964
204959
208340
205818
207290
207990
211014
211147
210531
210537
450074
450142
450300
450202
450188
450287
450373
939185
939294
939064
939034
939353
939392
2552
2912
3061
2892
3223
3326
3390
3050
3214
1694
2253
2418
2497
2755
3176
4769
2533
2483
3257
3869
3847
4080
3719
3986
3659
4230
4091
3776
3960
4592
4509
4172
3790
3950
4338
4209
3088
4638
4322
4476
4163
4249
3789
4938
4928
4218
4968
5632
4991
4989
4802
5893
4016
4478
5660
5926
4416
5431
3965
5863
5642
5291
5835
6093
5043
5822
5826
5246
5861
6197
6262
6281
6248
5840
6305
5817
5747
6995
6898
7007
4015
6482
3740
7655
6962
3805
6746
3730
4177
3849
4404
4446
7810
4462
3928
4416
4323
4954
4545
4953
4503
4989
4692
4692
4749
4717
5056
4692
7068
5634
3853
5643
4372
5628
4415
4284
5098
5604
4655
5326
5922
3684
5298
4921
4925
8247
5362
6524
4377
5610
5281
6500
3853
5892
5561
5011
6145
4044
6681
5799
4829
6622
6687
7911
6614
6290
5233
6550
4883
6965
6262
7985
7131
3905
6285
6635
6329
6793
6248
5064
6586
5197
7278
6509
4691
6796
6261
6512
6711
6538
6780
7588
3322
8049
5449
7784
10105
10112
33066
32597
32693
32829
33351
32729
259570
259523
259558
249733
249418
249653
245253
249820
245421
249990
245685
245265
245817
250088
249607
245530
494737
494780
495063
494844
494972
494655
496356
496703
497219
497036
497326
496932
1917454
1917464
1917411
1917518
1917185
1917654
981268
977077
981383
981514
976943
981857
977113
981789
982114
977298
977441
977411
1956945
1957244
1957589
1953870
1957642
1953062
1958293
1954192
1953547
1958451
1954276
1960177
1960134
1960629
2908
3782
3760
3409
3340
3135
3475
3287
3397
2975
3329
3597
3851
3596
4086
4106
3717
4164
4221
4364
4447
4213
4392
4194
4434
4656
4473
4526
3457
4359
3918
4774
4648
3934
4588
4576
4974
4951
4750
5123
5178
4823
5621
3660
5495
5398
5198
5255
5071
5028
5153
5576
2719
2564
2597
2766
2816
2869
2770
2908
2982
2937
3134
3132
3020
2832
3080
3080
2832
3072
3528
3259
3517
3489
3488
3298
3126
3628
4086
3290
5415
3820
3653
3672
3455
3675
3741
3472
5139
3424
3576
3614
3300
3711
3853
3924
3751
3557
3658
3850
3405
3745
3612
3389
3795
3568
3498
3607
3605
3618
3685
3029
4236
3783
4046
3723
4046
3835
5250
5268
2407
2640
5320
5667
5538
5388
2690
2243
5783
5264
2661
5797
2779
2444
2776
6029
6236
3271
3362
2434
3755
6012
6582
6056
3698
2680
3516
2902
3457
2748
2597
2415
3818
3954
3155
3782
3768
3578
3905
3930
3905
4018
3789
4626
3717
3640
4308
4005
3756
3717
4283
4073
3717
3924
4646
3087
4334
4568
4852
3862
4472
4504
4685
4350
5024
4899
5100
2190
3480
5117
4033
4907
5434
4911
5227
5025
5178
5465
4787
4656
4892
4214
5419
4733
5364
4791
4940
5789
4526
5434
4545
4809
4235
3921
3284
4801
3722
3971
4126
4754
3183
3983
3836
4234
5555
4123
5747
4044
3616
3771
3528
3200
4057
2657
13134
17375
17434
17438
17359
17308
17133
17060
244933
245319
245171
244776
245065
245390
245285
245460
245312
245345
245540
245179
245154
244668
244818
249036
245247
248945
245265
245014
245035
249298
245024
245176
245820
245681
245688
245790
244878
249456
245636
245434
246065
246452
246557
246024
246330
246056
246061
246586
246622
244762
248582
244709
248788
245259
245016
244926
245925
246107
489314
489455
489517
489461
489589
489435
489452
489606
489290
490009
490054
490237
490185
490192
490267
492609
492823
488741
492954
493080
489043
489244
489321
489429
489515
489193
489809
489332
489670
489766
493115
489598
493232
493341
493049
493163
490314
493670
490455
490371
493540
493758
490356
493876
489951
500362
976592
977006
977139
977029
976833
977675
977792
977577
977465
977245
977280
977832
977714
977280
977376
977837
977866
981101
981378
981302
980822
981576
980960
980948
981266
981895
981832
981910
981523
983193
983379
983586
982887
982286
983128
3910775
3910198
3910693
3910458
3911182
3910311
3920485
1952862
1952902
1952978
1952897
1957926
1957939
1953802
1953892
1953860
1954222
1954189
1958116
1954258
1954250
1964927
1965392
3913049
3913217
3913057
3913082
3909310
3913234
3909112
3909384
3909335
3909761
3909239
3909495
3913727
3909993
3910407
7825960
7826547
7826044
7826093
7826197
7826474
7826337
7818252
7818304
7818605
7818783
7818714
7819416
7834268
7834292
15656023
15655088
15655805
15655554
15655094
15655445
15647845
15648031
15648050
15648116
15648127
15648152
31300474
31300536
31301490
31301559
31301445
31301153
31277510
31277344
31277215
31310423
31310706
31310477
62601558
62601649
62601352
62589488
62589434
