494
181
267
287
294
337
267
214
341
265
501
189
186
427
321
427
274
204
500
411
287
250
246
373
445
417
235
273
527
417
509
217
185
406
240
399
291
431
516
403
566
192
272
301
294
305
243
365
524
418
626
240
186
233
217
450
278
227
519
424
454
266
265
300
377
400
263
297
524
394
436
260
272
428
245
387
252
383
509
431
450
238
258
381
367
318
284
327
564
410
481
228
299
333
419
513
277
232
487
399
643
218
248
224
179
373
279
222
582
401
557
155
227
242
392
289
223
360
484
423
703
190
174
233
239
358
259
255
486
464
571
278
217
206
179
351
240
329
484
395
673
179
227
218
317
377
305
274
517
389
610
191
299
198
326
386
312
281
525
402
477
191
296
278
444
424
242
273
544
438
540
182
211
303
427
380
241
369
524
386
817
213
204
292
201
169
273
309
429
571
495
236
129
176
227
259
349
353
371
503
726
222
221
270
739
581
307
367
512
553
278
256
254
370
281
261
258
260
300
457
1052
234
238
171
268
238
328
373
398
579
813
187
206
235
711
512
369
345
548
538
192
165
234
249
285
389
286
253
277
436
763
236
222
250
207
388
241
259
281
487
786
176
219
245
765
511
333
388
496
579
720
226
239
255
757
551
314
434
403
604
1007
255
201
298
236
149
291
355
410
572
636
200
312
255
754
525
332
415
479
617
733
202
197
248
328
168
283
322
431
601
212
206
169
226
229
159
261
341
390
596
131
233
191
397
278
257
280
267
260
489
350
277
185
185
357
356
541
570
381
528
322
171
220
158
244
340
431
515
420
486
392
185
166
317
302
329
517
560
442
469
449
138
205
182
338
294
527
581
419
505
339
224
206
266
301
295
564
554
382
541
1361
205
212
285
293
305
507
600
411
488
231
239
226
290
369
401
530
597
416
461
269
226
217
345
341
402
540
622
412
504
263
285
238
283
358
386
550
546
436
475
302
246
238
231
337
455
517
554
430
522
943
233
214
210
360
405
525
558
413
505
247
181
191
190
327
337
406
562
378
536
405
312
185
291
303
279
524
553
366
474
211
210
234
191
387
367
577
522
375
493
283
186
197
167
210
343
400
571
403
482
1147
217
206
211
359
368
541
606
410
479
329
209
247
251
365
405
509
559
389
533
394
171
200
225
1042
1137
258
315
298
296
339
222
246
225
1069
1099
259
328
319
323
450
127
184
250
1041
1117
288
307
307
295
506
218
221
222
1818
328
187
266
307
303
2745
179
177
198
214
194
196
234
233
291
3557
182
231
193
173
313
275
186
178
217
592
318
192
210
360
208
174
211
211
184
796
277
283
256
227
262
154
217
149
260
3302
353
264
265
294
247
232
207
237
185
2889
363
272
334
337
366
242
171
172
308
801
308
248
323
308
390
312
234
185
292
164
203
266
199
332
326
239
272
255
311
661
270
220
474
309
318
336
214
203
313
518
212
245
223
302
263
272
276
226
300
740
367
329
220
283
401
319
217
297
303
3661
421
277
288
325
233
269
304
254
299
3067
306
239
343
229
297
249
260
284
291
337
236
243
239
264
364
250
297
264
179
638
421
283
237
235
371
314
254
218
314
237
198
235
256
175
340
309
340
162
213
2900
268
285
257
253
351
337
234
273
343
2978
245
274
289
379
323
314
246
274
307
638
290
306
414
363
341
311
282
260
260
354
277
224
202
248
301
307
291
427
538
991
219
260
325
260
356
299
381
501
515
263
309
255
240
274
268
282
324
547
495
488
238
305
166
205
305
248
336
490
560
295
259
344
180
269
283
316
294
433
538
735
221
231
167
268
278
364
269
221
328
183
274
198
173
247
290
429
294
221
312
517
229
183
244
193
265
323
322
429
573
334
191
157
254
359
256
269
322
512
520
424
278
304
236
296
327
269
164
433
568
437
299
240
243
191
310
261
299
466
475
987
308
180
172
288
338
225
123
522
535
620
255
177
177
277
344
180
193
323
587
313
174
229
204
199
201
406
321
201
344
927
435
169
227
253
195
232
345
510
498
378
160
228
194
224
520
361
298
341
512
530
233
156
258
228
275
355
269
223
384
1097
280
325
250
325
296
254
172
474
515
2181
194
139
185
263
268
248
242
333
514
3386
251
226
249
305
320
226
142
477
577
461
228
178
180
330
211
375
316
443
404
552
205
129
246
265
259
272
223
339
540
519
248
224
233
385
278
360
344
296
552
604
200
204
161
207
322
350
249
371
459
894
250
185
228
333
281
228
229
318
552
550
227
237
273
330
251
271
232
299
528
318
262
255
235
381
224
241
230
330
431
579
205
206
173
215
450
371
240
342
582
227
240
145
144
290
240
226
259
214
430
676
243
210
185
249
303
341
359
279
562
284
231
278
193
274
492
388
278
343
544
810
272
159
249
230
167
340
288
333
542
535
343
246
176
215
437
309
339
277
566
342
197
200
206
237
208
189
174
235
387
510
244
322
154
159
161
246
301
272
208
232
219
299
382
364
318
265
397
299
353
643
228
212
166
287
297
258
326
214
402
520
170
295
181
139
182
248
283
254
189
347
182
231
180
252
288
310
284
324
330
504
207
169
178
215
291
643
361
274
364
535
245
295
232
260
311
298
392
276
395
487
148
268
199
281
270
247
383
297
330
562
159
254
243
368
272
302
229
196
425
536
247
238
272
225
255
311
380
293
383
405
272
273
221
363
306
281
250
157
457
419
309
241
203
262
306
313
374
339
292
779
198
295
207
204
214
189
242
204
369
499
291
327
188
283
515
198
460
356
290
398
192
258
482
343
399
311
290
340
308
726
182
193
242
165
357
246
269
297
174
544
164
184
190
235
276
310
279
352
344
872
181
155
141
269
179
183
270
151
292
272
249
332
354
363
530
263
367
356
256
638
230
279
225
235
387
207
249
293
286
481
254
214
282
252
282
322
346
493
558
370
188
216
468
405
546
351
366
356
239
246
138
298
227
261
280
294
418
298
307
241
163
180
237
228
388
447
415
295
339
393
200
245
397
378
323
329
373
330
364
574
198
220
285
207
311
255
359
491
592
639
178
188
195
221
340
301
380
344
241
686
228
234
221
195
284
321
347
512
536
711
167
208
221
155
208
248
265
370
204
711
228
257
204
215
410
205
252
270
268
820
176
260
159
252
196
114
314
269
282
951
109
214
194
244
191
184
176
163
189
575
165
230
213
321
235
179
187
314
244
995
302
304
201
279
779
246
237
267
232
1060
256
280
219
213
944
187
221
322
278
784
197
221
358
248
258
245
254
226
188
682
205
225
167
292
242
254
239
186
340
683
194
239
333
268
375
172
258
223
219
940
158
281
182
251
193
262
239
236
188
771
170
219
212
299
251
324
219
204
190
289
232
178
318
337
210
283
261
216
207
744
200
369
301
331
336
299
204
230
255
367
276
266
184
296
319
271
187
229
232
681
273
347
347
297
381
272
231
229
234
364
242
183
293
288
349
349
243
293
226
948
192
215
376
363
911
234
261
294
231
814
215
303
174
432
571
269
279
240
228
659
238
192
218
388
530
304
285
201
242
770
243
315
245
392
550
305
285
237
301
1033
286
166
187
447
523
300
286
229
248
318
184
181
197
215
247
183
280
218
230
1204
152
286
171
306
515
278
280
219
247
267
175
254
195
217
245
203
300
200
203
389
214
224
301
424
997
221
152
197
147
1110
251
302
288
240
549
313
280
267
247
548
187
203
227
241
570
294
306
238
282
321
253
174
174
340
232
303
284
226
310
363
208
186
226
435
998
240
225
214
223
352
180
133
231
197
203
179
233
227
220
318
186
242
253
216
331
211
157
296
234
305
213
164
254
213
219
176
225
208
226
206
204
184
216
414
1002
228
214
211
223
465
281
245
219
390
1066
315
226
266
277
326
211
195
244
206
972
306
192
268
244
597
236
200
259
219
947
336
231
267
273
435
177
215
247
227
955
324
205
257
273
242
272
200
230
178
371
334
229
265
270
411
243
135
199
224
326
209
180
314
283
329
171
186
241
209
942
314
193
242
263
359
177
200
214
205
347
228
203
259
220
397
192
137
133
203
325
208
153
314
239
265
181
164
260
382
225
199
237
297
324
491
169
172
271
269
439
266
307
274
349
255
229
177
235
285
458
269
316
293
359
342
333
232
192
229
457
269
315
277
350
380
139
181
230
282
456
268
314
283
349
185
200
234
195
184
458
266
311
284
338
237
167
209
201
3732
321
328
305
284
355
236
236
200
317
3443
312
328
311
291
335
228
225
278
306
3065
315
333
302
286
337
293
296
180
286
3432
316
324
309
262
332
216
217
287
304
3118
307
329
305
307
338
278
244
166
315
3389
315
324
303
269
339
198147
262
260
279
302
291
309
296
293
290
198221
251
291
258
292
297
312
286
296
285
198202
255
271
278
291
301
308
294
292
291
202187
190
315
255
253
214
251
182
311
1228
202216
249
288
266
294
235
256
199
299
1261
202283
181
272
281
292
253
256
263
241
1261
198582
447
238
238
234
230
268
261
274
375
198570
648
225
254
226
222
253
275
252
374
203517
167
229
270
215
158
189
188
200
176
203017
175
232
268
293
200
257
259
270
241
200421
201
220
265
299
206
246
256
283
244
200460
177
228
288
242
273
216
261
275
243
204075
187
197
252
271
268
257
262
274
252
204566
208
288
253
298
285
277
258
244
236
204646
205
216
281
272
304
239
256
270
230
400157
228
223
221
393
227
162
224
210
222
400168
293
269
205
405
235
264
257
243
276
408349
214
236
304
242
345
332
296
296
324
408519
244
256
242
197
248
233
295
275
311
407990
194
230
273
204
287
304
298
281
292
408353
214
248
306
215
330
299
311
307
293
408328
208
251
299
248
367
325
319
303
317
408415
169
253
282
268
367
334
310
275
333
408527
254
262
271
724
232
237
244
234
233
814623
238
286
330
199
321
342
282
270
291
814844
194
240
270
239
303
326
272
262
322
814633
249
271
263
272
335
355
275
262
346
815745
255
246
327
294
361
274
400
264
305
816422
170
271
284
318
314
332
376
262
287
814999
193
180
283
326
326
305
393
242
305
815008
197
252
233
338
352
305
413
224
327
321
321
2572
495
426
270
198
519
412
913
440
212
236
210
235
196
214
266
245
154
400
168
240
235
239
197
189
219
199
255
299
288
240
215
337
260
216
205
214
319
701
163
205
174
206
219
194
237
219
235
299
296
274
210
293
313
177
222
213
260
431
199
165
285
175
193
203
227
287
316
414
231
240
190
308
273
189
177
220
237
585
205
228
240
309
206
162
229
164
233
190
354
352
253
351
330
239
225
253
308
341
244
348
263
267
277
253
221
217
375
367
236
376
253
354
346
247
269
263
729
253
356
325
340
324
279
210
291
215
642
200137
245
222
250
253
261
224
227
255
177
200156
245
220
270
243
242
244
216
251
172
200240
337
228
287
253
282
273
256
291
187
200283
326
205
265
273
277
296
279
389
212
200125
283
159
244
281
295
273
274
407
206
200224
340
225
292
254
316
288
265
399
205
204049
184
210
223
229
191
233
259
259
181
204169
167
187
227
182
290
277
249
213
315
204111
186
251
249
204
292
232
250
212
320
1631221
226
312
345
325
246
217
220
294
169
1631954
295
280
334
323
311
290
293
317
235
1630980
322
274
328
331
319
289
287
319
243
1630917
296
317
296
331
302
300
287
320
255
1632408
240
302
306
333
304
272
299
300
255
1630778
326
299
330
309
306
295
280
324
230
3267218
224
218
215
181
300
203
157
226
353
3267104
217
265
151
207
266
250
128
288
331
3266952
222
182
217
222
222
275
204
220
331
3267350
245
152
180
228
178
175
154
160
366
3267205
230
255
181
208
303
227
151
248
330
3267524
211
162
240
216
226
286
177
274
336
6538622
237
260
366
189
235
199
380
246
279
