455
124
137
162
224
133
132
163
126
108
562
121
188
150
216
144
111
162
124
123
769
211
167
262
206
192
186
209
239
189
439
164
146
111
207
203
215
187
236
182
758
215
215
226
198
196
203
208
206
215
752
233
145
282
216
191
202
212
230
245
737
120
163
185
228
170
211
231
218
214
756
221
217
184
200
172
184
216
211
210
604
145
162
441
153
156
151
219
204
154
226
80
117
368
163
121
202
170
132
141
503
160
163
162
131
171
138
132
247
228
621
160
123
170
102
164
162
139
162
184
416
167
147
141
130
210
171
163
227
257
783
135
157
144
141
166
202
114
179
185
590
145
127
517
203
156
215
164
224
184
757
194
170
148
127
168
140
176
210
196
424
169
105
143
107
187
122
170
230
197
689
145
124
252
173
158
194
202
193
223
708
213
130
277
144
182
156
118
200
163
287
134
154
665
144
179
165
223
164
242
386
184
178
215
153
168
145
251
254
288
349
209
144
175
172
176
214
238
255
261
264
214
201
213
157
162
221
221
311
222
429
168
195
175
173
180
221
226
256
279
447
156
155
246
154
171
131
227
271
275
215
217
223
220
107
197
192
259
234
283
517
111
106
216
145
166
109
174
256
234
100
183
176
343
161
207
133
184
166
134
137
127
164
315
160
195
154
180
172
148
526
147
161
179
134
160
173
161
164
155
227
126
164
198
116
185
165
163
150
111
618
195
185
342
195
191
242
161
164
154
225
148
205
183
156
184
161
171
127
162
291
156
202
189
165
173
187
192
112
158
480
189
185
204
141
166
193
195
105
173
295
171
149
189
170
126
175
262
157
170
216
172
133
295
190
138
129
126
203
137
209
131
126
206
126
122
134
242
200
165
360
138
116
210
189
93
196
241
139
187
191
165
121
241
187
160
107
151
104
190
350
168
116
225
186
165
116
145
111
206
125
159
173
138
162
180
147
134
206
166
157
146
161
185
137
178
154
141
195
185
162
223
120
255
142
202
125
154
186
190
223
117
183
167
286
181
189
184
159
155
155
150
133
129
189
174
234
172
208
162
325
190
133
156
147
132
176
195
203
176
213
103
116
117
164
197
159
194
188
184
206
115
168
285
152
137
146
138
139
136
338
104
187
157
249
152
180
195
181
176
763
114
125
256
314
125
150
124
107
154
420
100
157
175
260
141
133
298
175
155
531
216
126
263
279
131
210
169
171
169
168
173
191
160
225
161
109
181
193
158
130
134
170
153
190
129
129
218
126
197
588
132
173
274
296
216
195
223
173
188
154
124
170
126
141
126
139
173
184
150
600
165
174
294
273
244
184
222
197
216
711
150
156
143
245
200
165
250
186
187
366
156
200
154
282
116
211
212
153
178
133
168
137
336
145
153
155
131
177
161
520
197
195
155
262
226
98
208
107
172
467
181
219
300
168
221
179
148
201
154
326
225
196
320
166
273
160
221
169
167
111
134
134
159
176
141
133
177
171
163
155
121
121
129
196
143
136
196
151
183
439
149
199
295
190
199
162
170
182
176
307
130
101
169
155
221
189
186
208
182
525
130
152
174
150
222
210
180
212
180
260
134
168
154
182
187
220
164
200
203
238
190
172
257
170
184
207
152
212
167
331
173
146
144
169
234
211
152
240
161
300
163
147
2022
269
196
283
202
256
183
222
137
185
1211
320
202
241
247
303
215
246
187
190
645
190
179
158
342
223
258
330
112
225
2092
285
229
285
220
258
286
401
146
216
772
187
181
217
341
259
276
259
168
136
2160
268
220
234
186
255
320
164
162
138
192
102
298
241
207
164
144
579
141
146
137
153
156
191
339
230
248
474
143
185
132
168
175
257
162
222
109
426
121
202
85
136
118
332
179
193
145
454
178
121
161
234
198
194
376
218
248
420
139
135
1045
226
211
194
182
270
303
381
137
146
182
198
155
277
182
272
179
615
189
192
614
231
216
247
161
284
214
245
192
173
185
152
174
174
170
192
158
358
158
201
208
145
251
206
265
321
318
253
135
139
137
277
184
388
263
325
310
270
173
160
137
177
181
465
269
303
327
315
142
173
190
133
149
137
163
206
206
370
167
128
333
135
130
124
160
137
164
607
167
152
148
189
251
195
302
223
335
273
184
175
200
189
255
265
299
434
380
367
154
182
139
195
243
174
200
211
218
273
160
229
186
177
124
139
145
148
188
398
87
168
194
128
301
234
255
454
342
291
128
154
188
119
190
177
221
195
238
447
226
162
201
142
269
180
353
281
342
214
117
189
136
163
118
171
146
121
162
268
175
145
206
223
113
224
140
105
113
257
135
155
201
144
149
162
182
187
257
222
170
226
202
143
138
128
167
144
212
509
134
192
172
218
248
197
194
228
219
370
160
172
163
216
214
218
172
228
254
324
179
229
197
155
146
127
145
154
160
213
129
101
128
153
218
304
92
237
139
802
175
146
143
110
170
109
117
196
108
509
97
157
130
220
258
124
129
201
124
360
147
115
115
146
148
155
193
99
113
600
182
192
173
162
169
144
158
129
138
433
142
161
141
169
193
455
122
137
161
140
144
172
188
152
157
284
157
211
288
336
141
146
210
231
229
348
222
187
182
414
212
220
223
222
191
176
244
152
163
204
131
179
188
128
190
207
263
98
177
368
236
180
225
195
231
290
288
149
200
333
143
175
134
127
169
135
212
206
111
364
164
176
213
247
175
310
148
211
295
372
154
240
182
122
179
201
217
141
173
568
162
196
250
174
195
204
208
161
220
157
144
186
271
203
249
255
147
181
260
722
231
165
115
162
172
203
125
133
211
481
125
188
170
175
167
232
182
245
197
660
160
216
151
188
183
149
169
168
232
258
140
188
303
165
188
152
179
154
174
419
175
167
205
214
134
259
156
292
164
493
179
140
138
179
197
242
274
170
147
495
98
143
189
235
158
214
203
207
223
402
193
164
157
185
94
108
149
159
155
353
197
148
225
192
223
190
155
252
211
206
224
211
281
185
165
173
159
176
246
674
148
121
128
136
151
122
148
152
178
179
141
158
148
179
134
119
166
148
116
190
166
165
158
158
185
226
169
143
117
613
192
167
219
161
211
152
167
140
170
120
119
180
168
109
160
199
108
171
122
205
107
166
153
170
186
156
161
157
157
794
169
135
153
112
222
235
164
184
130
109
157
143
3152
255
175
239
340
178
188
402
171
148
141
275
174
201
263
319
250
394
148
139
167
205
214
156
408
182
134
427
139
156
148
144
150
259
200
291
104
306
151
137
99
123
112
225
179
101
82
402
180
173
188
150
164
214
209
122
202
389
171
216
183
167
141
162
157
224
195
236
108
152
185
161
137
312
227
210
129
1065
167
147
161
160
196
205
218
189
145
504
127
133
143
143
143
192
156
269
216
98
146
142
105
162
105
202
246
125
150
1004
159
140
165
122
208
330
256
163
165
302
177
154
166
171
144
230
151
250
216
401
175
158
171
144
125
147
169
124
122
884
144
149
142
159
302
330
228
205
178
437
146
159
130
172
133
233
148
225
216
1122
198
166
124
188
175
245
217
140
139
260
102
148
118
91
139
139
156
155
115
458
154
161
195
150
201
143
138
120
205
1178
132
168
143
169
195
204
184
134
209
316
133
136
170
134
134
92
160
108
180
762
142
209
156
143
187
357
211
242
154
450
190
190
99
123
245
149
126
137
155
1233
114
160
102
151
158
243
162
117
245
385
271
142
167
120
215
109
105
95
141
232
159
147
188
138
233
131
127
131
162
494
209
146
183
123
166
124
170
173
136
234
140
125
197
147
267
212
197
144
155
137
139
115
155
139
119
233
194
124
129
592
273
134
130
118
171
139
124
133
143
273
132
108
195
122
149
148
168
246
271
239
152
170
108
88
140
188
152
158
129
257
130
111
166
149
180
169
155
126
325
336
104
114
139
121
205
136
185
128
191
212
153
221
136
156
161
153
252
339
221
193
135
127
183
183
161
194
148
179
185
355
124
132
148
142
129
144
148
266
340
273
126
135
135
153
187
168
165
144
252
299
275
141
157
88
263
158
218
304
266
319
237
160
138
133
241
162
235
271
309
343
127
121
179
132
184
161
146
89
111
158
155
190
186
256
200
221
145
170
161
436
150
147
174
176
147
241
147
235
204
242
195
144
199
189
199
190
163
122
201
424
106
149
348
244
224
218
300
152
163
171
168
195
192
192
222
224
196
172
141
419
244
165
161
126
183
122
262
242
187
166
161
170
173
164
190
258
192
123
212
317
163
142
171
100
151
176
165
143
235
200
131
189
176
228
299
214
211
317
227
96
178
170
151
169
176
239
172
92
180
409
145
124
154
144
167
250
182
212
246
282
118
145
153
95
124
190
178
119
131
286
166
151
157
252
279
234
189
287
252
163
153
157
172
173
161
163
241
160
126
351
151
147
176
124
169
229
179
167
286
207
118
177
150
195
141
162
262
163
94
215
170
187
168
172
173
198
192
141
146
439
206
151
159
161
206
220
160
162
152
343
123
151
100
137
150
170
175
169
129
274
159
172
1815
280
139
212
308
314
190
401
152
105
105
121
192
177
223
121
167
168
132
104
186
141
175
231
202
138
153
261
178
155
112
189
243
197
307
189
151
320
139
179
242
187
212
232
220
172
161
361
137
171
189
168
184
199
183
133
249
398
197
150
166
154
199
156
196
151
159
260
146
145
182
183
211
201
197
170
158
164
141
162
182
174
171
174
201
146
117
350
130
189
116
158
179
144
156
132
130
201
155
115
141
171
180
195
207
141
155
413
167
159
179
264
162
238
353
198
181
183
104
158
284
197
220
172
202
148
193
220
140
131
127
149
115
190
190
141
163
293
151
235
176
160
176
214
288
137
181
280
167
192
152
219
198
219
238
128
241
239
118
118
142
106
169
155
136
168
133
411
122
179
202
151
206
173
207
117
163
325
170
153
137
169
127
183
173
112
149
426
239
155
230
155
209
239
163
157
166
230
124
163
177
146
183
163
205
156
181
432
131
139
116
110
161
102
148
126
184
175
127
179
193
183
153
186
148
135
186
301
132
142
204
118
166
119
146
125
160
263
156
144
288
224
205
193
229
141
184
194
191
208
164
135
175
210
160
121
215
293
195
146
222
188
143
185
129
120
204
273
143
137
176
155
149
127
141
169
209
185
128
174
161
140
153
157
212
182
162
190
147
116
179
142
148
153
154
149
159
215
167
136
248
137
150
143
185
184
174
188
178
156
147
179
131
147
124
168
180
301
164
169
181
140
171
163
190
181
213
163
166
150
175
206
135
113
148
159
174
191
151
143
214
167
157
160
185
171
179
380
212
124
165
160
156
159
137
149
135
183
216
168
574
192
172
173
214
179
163
185
214
177
566
197
169
165
220
172
206
258
183
171
571
195
173
177
228
182
190
197990
171
168
233
176
173
163
178
268
174
198021
225
197
300
209
226
281
308
299
320
198054
227
205
208
216
226
243
327
278
269
197916
256
188
308
212
215
264
290
348
280
198168
166
173
139
237
196
266
298
302
279
198044
209
209
312
214
185
242
302
299
306
198083
175
210
191
196
211
256
274
302
319
198145
154
201
206
220
204
273
281
325
287
197925
255
207
235
214
227
282
330
302
280
201845
161
128
178
172
142
133
150
2074
271
202084
158
144
159
131
164
218
225
1858
229
202144
154
126
156
157
150
137
248
1821
230
202025
174
112
182
205
157
199
206
1822
266
196558
143
159
164
166
157
161
164
485
155
397918
193
171
188
179
180
149
225
189
182
348
269
1617
283
284
286
267
274
305
228
346
266
1615
288
286
284
265
271
300
319
358
275
1611
285
280
280
271
273
287
437
