332
142
193
259
276
231
298
307
246
209
462
231
244
255
366
111
219
348
234
223
204
114
189
256
273
163
271
394
251
217
399
126
141
245
242
190
242
366
365
246
282
81
94
127
154
88
131
249
254
220
573
112
128
137
181
133
229
152
236
177
540
140
263
275
255
168
272
374
251
239
234
180
223
278
266
190
216
404
336
282
168
132
145
121
191
107
264
383
260
229
336
120
201
307
242
228
205
367
343
258
427
179
292
237
293
128
301
355
281
199
285
136
162
176
193
124
140
228
348
235
468
83
123
258
288
188
199
364
336
252
409
82
121
135
171
145
208
142
243
241
640
123
137
280
332
147
300
339
262
217
134
113
172
197
197
139
219
165
212
168
375
184
150
179
197
161
194
171
182
154
518
106
152
186
183
149
234
177
247
260
586
167
133
160
165
105
137
175
182
156
342
148
194
178
171
141
203
151
235
239
318
154
175
185
139
152
152
299
213
210
595
146
166
251
269
256
273
338
214
243
264
164
186
176
167
174
149
167
174
151
514
118
149
168
152
120
110
130
131
126
248
172
187
183
164
176
165
148
172
150
370
152
133
212
143
167
136
183
144
161
511
185
162
166
184
215
93
131
198
154
426
151
172
228
123
160
185
204
194
193
512
169
196
185
172
209
115
164
157
152
482
195
184
186
189
212
167
144
153
196
585
156
216
155
221
206
145
170
160
228
2241
136
122
123
121
117
120
118
100
148
1982
138
155
152
154
134
157
144
131
133
2512
169
168
114
160
145
157
171
133
121
2486
182
151
106
143
169
173
110
92
149
2242
171
160
141
173
149
159
129
145
118
490
170
205
110
94
173
164
155
144
119
482
148
91
103
203
127
182
109
192
116
2182
124
143
112
164
144
175
160
208
129
2808
114
209
190
163
150
123
120
146
124
2116
135
158
138
175
148
139
111
161
185
286
114
93
170
147
138
172
140
165
225
2926
154
156
137
179
196
188
149
132
312
368
190
151
115
203
132
133
140
132
320
362
112
204
153
212
189
149
113
135
204
2165
134
213
203
155
150
96
139
212
301
415
122
122
121
159
159
120
133
166
318
438
139
183
193
152
166
177
114
126
148
320
223
139
123
140
178
148
168
160
321
2866
130
192
230
162
183
147
151
117
289
480
150
174
194
144
159
124
128
116
205
573
161
240
211
158
135
222
141
163
299
486
119
188
202
220
133
161
151
187
291
200
137
140
87
175
163
166
117
236
256
595
145
140
122
162
164
169
141
184
268
3237
169
185
205
250
135
151
136
158
284
2573
182
185
235
163
154
133
238
217
321
3002
236
191
183
212
244
228
219
218
256
267
302
241
176
231
241
171
190
217
298
420
141
142
254
185
136
150
207
205
291
3062
219
171
200
191
203
236
225
224
262
540
123
147
145
203
137
147
171
183
296
3118
167
153
219
174
244
249
208
223
261
134
179
162
138
187
152
219
182
174
206
195
161
119
111
181
168
211
189
179
198
496
144
199
120
157
136
196
179
166
187
773
151
152
141
108
210
102
155
100
108
432
151
167
196
224
153
218
216
166
198
285
193
192
218
204
171
190
180
192
222
366
165
170
172
169
170
179
157
178
179
606
159
132
106
128
125
190
181
171
180
469
124
118
203
143
198
146
189
146
180
857
184
133
166
178
150
128
163
134
186
411
201
164
172
214
171
180
158
207
224
717
175
149
177
202
191
198
185
185
213
243
131
150
167
158
155
147
107
150
161
1006
149
197
108
124
171
168
146
143
130
316
120
130
209
183
157
143
127
128
140
512
248
216
178
219
221
178
204
171
201
951
150
154
146
144
147
147
149
141
200
534
194
200
151
112
149
177
144
163
148
3177
190
183
258
202
136
144
137
159
260
260
164
183
224
200
162
148
151
180
126
1135
180
140
204
219
142
215
138
154
130
294
155
173
203
235
143
166
141
186
126
689
144
198
180
240
114
155
151
97
159
160
164
126
176
134
199
182
144
180
169
421
175
139
158
155
181
191
136
178
170
602
160
119
150
107
169
180
162
209
167
487
105
135
189
131
243
171
175
130
131
465
185
168
141
108
120
164
137
166
128
405
227
213
109
156
124
92
199
130
132
521
143
128
210
151
195
134
238
151
166
468
136
189
237
132
188
167
162
181
169
639
228
161
207
147
124
172
90
126
144
681
209
160
151
151
141
194
156
160
157
336
107
200
91
154
81
117
183
251
191
252
175
240
253
143
205
183
155
161
207
571
172
141
170
132
142
158
153
157
158
447
172
172
243
156
159
210
195
254
210
511
148
128
159
110
187
145
137
138
186
391
212
159
223
161
195
182
260
215
119
295
161
151
159
140
152
145
148
167
159
603
150
159
145
113
138
125
152
158
155
161
226
166
163
140
192
247
94
174
138
762
163
163
185
182
142
192
227
251
256
293
236
153
175
181
149
173
195
237
288
489
146
169
175
172
147
141
177
109
285
723
174
141
232
168
173
217
191
234
272
584
188
221
260
151
191
190
245
216
292
528
188
240
232
186
155
237
201
231
239
843
107
145
160
144
176
206
162
163
160
151
128
107
173
126
136
146
183
151
120
278
129
192
154
196
188
212
149
175
145
692
163
128
118
155
104
122
87
88
131
680
112
155
131
219
168
191
170
155
165
269
191
165
213
183
197
144
156
143
161
276
223
197
191
247
145
143
166
144
180
379
188
246
194
171
141
155
148
143
182
659
151
296
188
200
123
133
165
163
161
237
119
264
150
205
112
289
290
187
188
654
100
121
118
109
156
115
147
146
145
1010
192
152
136
254
159
329
256
201
230
639
183
200
149
191
146
295
317
138
230
348
156
232
209
259
132
303
280
174
231
946
200
222
159
226
160
311
299
174
260
538
159
137
129
147
166
308
256
173
223
797
112
118
169
132
190
341
279
148
277
856
135
150
173
407
136
134
227
169
119
882
162
224
282
226
189
294
276
148
249
749
148
187
153
114
206
314
281
130
220
275
175
139
141
243
148
228
191
155
189
663
154
142
254
347
243
137
127
141
282
285
107
116
115
335
116
177
220
152
253
741
127
351
232
369
143
172
169
200
267
687
146
346
114
499
169
249
194
151
209
681
148
170
218
416
167
188
180
147
223
921
144
176
271
310
154
182
198
175
309
328
200
107
128
199
145
150
220
202
261
131
166
139
158
205
183
172
162
246
118
603
127
274
173
455
205
139
215
229
123
562
172
301
146
483
172
163
207
113
252
780
124
144
141
349
208
117
275
229
204
738
143
148
115
381
183
208
171
130
186
844
184
125
177
282
163
154
129
194
285
1012
145
151
180
179
128
146
113
165
103
488
196
146
136
345
151
174
160
193
160
195
185
133
158
380
138
150
99
193
174
399
133
252
171
320
170
152
183
197
179
570
106
165
170
388
129
147
142
191
166
295
197
296
221
176
195
250
123
260
196
623
158
713
158
367
241
157
203
215
233
585
196
179
148
140
218
209
167
229
201
445
141
665
154
360
240
190
144
249
220
172
307
300
152
179
235
229
143
238
277
530
144
137
229
145
233
213
159
256
208
474
247
267
199
250
116
142
259
155
160
618
140
235
227
143
166
139
209
258
250
503
276
228
223
312
221
150
195
180
246
281
87
324
126
133
109
106
84
166
207
176
266
148
127
186
246
158
158
229
223
629
213
215
219
293
175
115
155
210
245
1323
121
328
114
191
119
78
95
168
223
469
297
208
222
333
209
251
151
91
195
628
164
167
191
247
207
230
171
155
139
599
150
169
154
137
102
110
128
151
142
376
313
216
145
198
148
232
240
311
243
573
146
176
135
141
154
151
163
156
123
397
169
153
152
140
120
136
110
165
164
494
130
130
159
298
161
154
196
162
138
459
205
172
216
134
173
147
181
194
142
686
153
110
138
301
139
176
176
140
160
519
117
191
193
158
185
126
207
158
168
520
144
160
156
123
145
164
147
150
114
737
131
195
230
131
218
184
170
92
124
553
156
135
196
158
218
143
149
145
173
826
141
168
122
110
213
141
172
116
147
645
115
154
143
206
197
180
138
131
201
660
168
196
146
122
247
215
178
160
132
701
133
113
103
129
204
153
153
116
172
486
181
157
174
125
233
153
121
134
184
896
135
147
217
184
154
160
159
239
167
460
126
195
190
178
182
144
124
146
185
898
100
115
179
207
153
95
128
190
184
960
186
151
140
138
144
189
145
208
214
421
177
244
172
176
167
163
127
207
212
510
153
235
195
159
188
191
181
177
176
1085
104
97
141
118
183
203
190
178
248
627
133
138
226
165
178
161
200
196
234
1365
139
171
177
97
150
167
176
136
130
758
122
209
234
143
211
157
182
173
247
573
162
158
189
178
276
146
148
184
208
1434
115
114
158
115
132
155
157
155
152
1032
158
99
190
115
180
159
213
161
233
812
169
156
216
163
247
159
163
168
221
750
107
176
254
168
153
175
163
180
147
922
131
228
193
139
152
122
188
169
208
1247
182
132
207
153
145
205
168
201
149
867
186
186
232
157
130
119
170
183
204
367
174
151
135
219
152
200
143
140
159
418
152
117
157
182
129
150
144
136
133
975
109
128
234
141
178
155
127
219
110
1073
171
226
224
184
176
238
160
163
177
1302
122
116
199
148
172
213
171
181
127
520
153
172
193
209
104
152
148
142
135
431
141
161
165
157
137
143
154
156
182
1245
170
195
226
202
155
215
161
189
147
1827
124
156
224
168
151
186
196
156
218
280
184
167
168
179
136
215
195
153
176
449
150
107
168
179
117
165
128
157
162
1755
185
184
226
191
203
155
222
154
237
336
146
129
150
160
108
214
194
188
175
1543
167
134
145
233
146
194
149
145
174
217
135
133
251
201
165
196
221
168
168
1019
179
171
254
160
168
142
219
167
181
491
162
162
232
218
145
229
170
156
183
1821
98
152
245
171
153
160
216
139
231
391
151
187
125
126
186
197
215
234
139
272
122
132
225
193
182
163
194
120
210
838
149
120
123
144
174
137
191
101
90
943
264
237
161
191
106
115
132
154
118
869
224
147
131
197
194
121
140
194
132
274
212
236
203
193
236
264
116
197
204
210
181
208
175
204
159
257
125
189
145
148
206
180
186
151
223
227
183
157
164
1160
184
167
134
496
199
216
160
158
146
197
199
152
248
166
194
194
181
155
162
217
279
292
164
343
220
273
101
150
205
215
158
215
186
136
221
213
164
137
232
253
128
143
129
197
229
269
166
158
220
1568
313
208
194
179
90
237
128
168
152
235
222
132
187
130
224
140
150
197
166
1129
181
240
134
172
294
207
220
225
166
190
399
244
158
279
241
240
166
144
161
403
193
161
150
175
173
174
138
132
140
1331
393
168
179
177
200
196
146
226
212
456
216
165
243
188
169
130
108
221
164
1052
344
337
214
189
156
264
134
273
208
820
939
178
163
166
152
161
91
157
167
1678
298
128
161
224
171
231
149
225
192
271
260
262
271
215
328
209
202
184
156
929
352
217
366
169
189
190
193
160
155
1628
515
166
188
175
139
142
238
215
239
1456
388
112
256
176
131
192
270
226
275
507
639
228
192
144
236
133
148
153
222
1220
838
128
278
161
242
134
212
200
227
1589
256
172
265
156
138
190
233
301
201
1514
355
205
248
177
217
191
269
218
156
1220
1270
117
162
208
197
142
184
142
143
1278
230
182
185
173
182
267
111
103
131
1622
763
169
203
220
199
169
265
118
236
2330
1419
114
123
130
155
219
142
138
223
11704
138
138
129
127
446
149
157
145
153
13083
145
167
146
127
333
156
160
135
168
13030
180
162
276
194
182
160
131
180
112
13056
194
311
213
191
199
148
145
123
150
13117
198
250
264
197
172
146
113
189
122
12775
173
216
201
199
176
159
145
198
164
204220
178
210
264
720
247
233
238
226
213
204251
161
225
257
743
240
264
215
246
208
204156
203
223
271
733
235
259
231
248
227
204147
187
219
271
727
222
259
212
249
237
204112
183
198
287
711
216
238
241
222
236
201774
116
139
157
493
158
191
134
193
148
202021
131
181
166
388
150
183
205
157
165
202979
146
166
196
222
178
169
161
172
170
203059
154
206
188
257
199
167
202
223
146
202130
214
200
182
287
174
192
177
198
143
201900
164
242
257
235
188
195
192
217
149
201183
151
179
163
753
163
172
157
178
169
202901
225
129
195
214
288
139
211
225
183
198936
262
183
219
156
162
110
199
228
171
203077
123
110
198
264
251
107
218
226
179
202979
142
170
195
258
302
204
171
186
177
202755
145
227
257
149
232
194
375
363
271
203186
126
138
168
153
238
292
386
329
317
202848
157
134
225
141
255
222
357
384
325
202876
116
155
185
180
196
351
337
385
327
202040
200
86
207
182
214
285
398
377
319
202933
183
110
174
154
234
241
338
387
291
202917
213
128
159
136
259
315
367
364
320
406831
216
210
165
287
207
212
221
203
893
406874
253
153
157
282
206
210
218
199
895
406899
209
230
148
280
202
210
223
196
887
407089
177
181
169
150
145
162
245
247
335
407770
181
173
192
107
167
115
228
246
321
406981
162
131
201
177
182
212
244
220
347
406883
191
138
193
234
141
186
248
225
311
406839
133
164
201
164
201
204
225
242
318
282
222
304
226
185
234
208
313
190
154
234
209
289
290
145
253
233
325
264
156
382
126
296
211
189
226
192
297
175
166
269
104
143
389
159
170
151
122
131
124
191
164
201
408
165
171
167
167
183
238
229
136
176
425
159
168
147
184
150
229
112
211
119
128
118
172
143
170
132
203
203
162
105
193
170
169
198
177
167
209
246
150
180
121
239
147
198
212
195
161
318
197
215
140
238
172
183
156
160
192
344
219
240
233
207
141
223
179
205
262
540
97
153
182
228
184
181
212
202
240
403
221
193
188
209
163
174
208
167
271
535
139
197
191
211
162
161
219
186
250
256
241
143
326
199
219
172
200
221
203
409
142
213
207
219
191
193
184
235
328
356
200
274
245
207
211
160
101
209
260
213
197
210
324
205
207
158
131
134
258
528
185
158
174
172
150
144
170
201
237
470
223
193
214
314
207
186
179
159
320
1065
198
249
209
161
142
148
179
180
243
438
336
228
212
224
253
164
154
164
203
877
133
210
172
116
256
202
174
217
141
480
174
164
205
204
317
152
156
151
129
1797
176
150
150
123
166
189
188
182
165
561
186
225
148
189
265
123
179
165
435
609
193
204
155
156
218
188
282
184
169
600
115
324
145
216
146
197
240
308
210
1170
154
211
139
231
181
213
158
226
179
1116
245
185
111
150
193
224
220
187
200
735
199
252
201
202
166
161
178
236
296
322
150
145
191
291
267
130
167
158
222
735
159
379
234
154
165
115
255
245
360
1076
210
156
165
216
157
244
117
255
167
1335
157
161
247
153
125
171
187
222
173
1163
166
174
200
208
162
224
147
200
329
717
185
204
360
236
189
205
167
209
156
695
175
253
252
201
163
124
237
244
326
1308
145
253
185
93
163
229
119
164
230
941
165
233
160
225
162
174
162
254
170
420
147
183
145
129
216
130
123
184
170
1988
191
162
152
223
142
239
144
260
158
1036
224
192
141
192
185
125
252
199
709
549
223
211
186
150
168
129
204
155
766
1004
195
190
176
188
158
133
150
146
585
615
142
150
161
232
94
236
314
221
605
502
189
233
172
184
226
234
302
227
595
1311
192
198
185
155
195
234
194
128
596
882
181
225
143
157
173
206
145
148
597
790
223
169
207
184
109
211
149
255
594
252
118
137
235
91
137
152
101
171
184
486
141
164
302
145
179
125
119
227
149
220
142
87
168
150
137
106
155
220
181
580
128
115
278
167
157
153
118
206
167
944
114
190
158
216
168
232
140
188
308
251
87
138
248
133
141
125
145
189
188
868
208
148
159
198
169
232
275
241
301
314
149
141
321
193
191
191
177
216
126
450
170
106
121
148
136
129
146
218
126
315
138
183
148
128
178
157
195
219
189
900
162
127
196
155
167
205
155
147
748
435
114
192
185
141
226
142
215
198
190
466
119
171
253
158
139
136
151
216
175
453
164
187
151
175
197
179
174
217
164
580
90
156
188
212
193
149
227
291
216
632
138
147
184
154
163
161
284
252
265
1003
124
157
159
120
131
133
272
271
283
612
169
210
147
232
173
174
245
272
285
457
150
178
172
274
127
190
249
354
222
519
144
129
204
186
184
221
301
238
261
449
135
154
189
179
127
173
140
265
293
477
112
189
225
146
156
175
266
255
307
597
164
188
184
184
223
160
283
202
259
949
149
129
134
132
124
163
138
246
273
681
118
134
172
160
166
153
141
266
271
300
102
151
153
163
274
166
189
157
144
673
137
155
188
208
221
133
141
268
258
321
116
174
158
194
167
144
289
264
283
308
128
94
157
157
266
162
187
153
139
421
149
131
162
119
194
135
203
248
281
130
189
169
181
210
374
195
145
101
151
464
162
161
156
221
186
127
162
198
572
310
126
143
127
139
140
226
142
108
147
235
143
148
263
228
311
242
267
169
241
948
169
156
187
234
340
285
267
184
239
245
139
165
180
224
372
224
140
106
145
225
138
142
206
228
308
275
264
166
237
1304
127
148
167
191
325
271
279
177
184
257
131
155
167
172
309
273
262
164
235
387
148
145
157
145
194
250
267
205
223
340
112
128
169
190
311
269
260
162
233
732
186
150
151
233
316
261
280
132
215
199856
141
169
124
127
125
113
110
106
128
199891
125
207
277
142
190
159
134
180
194
199921
238
172
158
149
194
117
141
212
187
200090
118
143
137
148
195
162
139
184
217
199998
152
177
164
175
165
140
136
206
213
199977
170
224
725
167
171
178
181
165
308
199059
207
137
181
180
115
122
117
118
117
199158
131
260
236
193
187
202
272
155
233
199249
172
138
202
238
208
206
250
142
304
199308
203
211
153
223
205
170
190
178
259
199294
236
205
241
271
240
199
194
148
197
199104
177
269
208
277
250
187
201
147
195
199291
167
194
258
252
130
238
230
182
202
199615
157
209
153
157
104
194
205
201
410
198780
249
283
216
277
270
228
241
164
343
199660
157
232
189
158
291
372
362
326
388
199425
206
250
165
220
341
347
374
305
288
199651
145
155
242
243
299
362
326
321
232
199413
126
118
121
246
301
346
328
353
212
199426
155
206
250
241
296
359
329
320
220
199420
157
167
232
269
304
371
351
332
445
199691
185
179
252
166
353
401
387
329
439
399510
312
129
185
262
178
141
156
325
187
399473
158
184
274
280
248
184
187
195
123
399682
170
158
185
282
250
217
190
207
221
399552
159
134
203
324
200
163
180
365
234
399958
169
175
228
312
245
228
187
204
205
399811
124
123
169
284
254
194
188
181
191
399672
145
170
190
256
223
163
204
173
165
399594
132
173
113
152
171
131
141
156
167
399589
151
185
176
186
212
132
121
147
138
399832
136
206
180
201
210
126
163
119
175
399476
177
202
188
182
246
140
169
200
215
399599
240
171
194
155
157
130
169
193
217
399662
230
187
145
209
251
192
226
228
238
399770
139
205
148
179
249
206
233
240
242
399704
146
206
147
190
248
216
229
223
227
399666
224
201
146
183
236
210
229
218
238
799256
227
170
299
351
286
345
1097
697
318
799164
181
289
275
330
245
312
1084
702
310
799341
178
239
312
319
240
305
1076
747
272
799284
165
262
288
359
249
334
1087
685
321
799227
177
306
262
302
225
295
1032
668
282
799192
175
194
290
347
240
341
1042
676
304
799393
227
243
173
358
248
341
1107
721
267
799261
183
151
153
172
160
149
149
144
154
799712
157
110
193
196
144
146
156
420
168
799493
174
186
187
193
169
167
134
443
148
799659
380
175
202
208
203
205
188
979
126
799621
312
188
193
211
208
206
171
1033
146
799657
353
196
186
212
207
211
177
1046
145
799453
411
184
189
207
206
201
167
1027
141
1599356
220
250
249
242
258
215
230
196
343
1599518
139
210
247
260
304
140
295
287
254
1599595
159
291
197
149
274
264
207
199
259
1599481
278
190
238
302
286
233
232
178
283
1599350
165
256
255
263
281
239
201
223
322
1599481
155
214
269
293
289
223
205
167
284
1599539
134
198
229
239
252
228
195
201
358
1599496
175
192
255
262
282
201
221
273
284
1599483
98
220
266
299
298
223
205
149
267
1599689
128
260
182
178
240
224
181
159
371
1599416
151
150
124
141
174
168
152
154
172
1599568
150
137
103
147
169
165
166
155
180
1599529
146
125
162
204
189
189
153
156
191
1599766
113
194
176
172
194
226
181
176
222
1599570
160
172
205
185
211
225
191
190
214
1599579
155
195
204
179
254
192
197
180
214
1599458
148
190
180
140
192
228
178
173
198
3203648
141
164
138
122
167
147
132
182
229
3203666
160
171
179
116
157
118
134
274
170
3203803
85
193
150
118
114
142
149
103
207
3203613
200
135
118
156
106
150
161
208
254
3203766
134
190
106
124
135
164
127
128
234
3203824
146
195
159
148
152
153
137
233
182
3203812
154
161
139
130
118
148
167
229
213
3203387
184
141
186
191
173
171
188
170
213
3203613
133
140
186
207
158
146
202
174
215
3203330
248
147
213
176
178
169
225
196
229
3203710
109
145
217
197
159
166
224
152
192
3203394
134
172
182
186
168
168
211
153
245
3203966
149
146
163
180
182
165
155
203
191
3203511
154
170
173
182
162
162
157
222
194
3207948
112
166
140
111
153
123
145
131
146
3207838
103
165
128
137
157
146
163
201
121
3208005
171
114
141
174
142
151
178
186
132
3207718
174
148
160
169
137
147
174
208
154
3207953
155
213
167
207
166
183
165
190
164
3208087
104
192
191
199
167
175
187
131
191
3208110
137
224
170
206
160
177
177
158
195
6415429
129
181
147
156
204
148
192
216
221
6415515
208
161
160
158
202
144
190
210
218
6415445
221
167
160
148
164
242
137
214
224
6415539
177
158
144
152
224
222
232
223
217
6415653
126
171
207
232
206
209
241
230
208
6415468
236
160
226
210
216
216
230
213
215
6415293
214
179
215
222
225
225
255
227
194
12831273
377
258
302
198
314
382
288
335
283
12831475
293
261
331
215
344
394
311
311
291
12831369
286
256
339
244
345
426
337
359
309
12831151
360
224
291
221
315
365
268
307
286
12831553
283
262
311
228
343
408
299
354
312
12831357
384
252
324
187
318
436
282
339
298
25659517
227
358
366
327
370
379
317
348
365
25662883
271
353
342
309
319
366
305
327
355
25662965
292
352
352
330
372
365
339
349
392
25659459
188
343
357
288
329
354
367
339
406
25663031
315
347
357
317
328
413
348
380
404
25663139
161
409
344
339
362
418
316
387
355
102714278
348
263
331
450
347
401
363
344
402
102717994
358
256
368
440
373
388
394
353
397
102718003
195
239
382
420
344
402
337
383
382
102717972
239
260
313
400
378
334
297
415
371
102714485
279
215
284
454
347
368
337
341
379
102718073
246
279
343
452
328
396
342
360
374
102718028
288
284
342
418
384
370
379
338
383
102717979
371
255
321
412
327
359
342
362
424
102714089
373
255
355
423
350
373
336
340
438
