204
132
163
189
153
145
240
307
295
235
586
151
210
216
237
229
298
288
323
256
529
152
341
246
249
216
289
261
298
212
503
156
219
170
243
151
229
250
327
205
800
124
197
169
157
170
213
254
284
201
559
146
175
167
165
210
323
259
294
218
648
194
257
188
245
226
833
305
256
255
512
162
174
177
141
792
162
209
223
252
806
133
253
184
241
240
794
298
234
222
408
184
165
141
152
126
806
344
214
214
748
178
247
178
234
207
837
294
220
226
339
132
130
124
111
754
149
219
220
199
1109
119
177
134
181
182
191
308
317
212
398
142
177
183
171
221
96
165
276
294
404
117
128
139
139
244
100
147
217
251
1446
212
163
198
125
151
204
267
313
256
1019
118
189
154
151
182
221
231
291
213
1233
151
217
288
220
181
352
228
319
258
1662
325
148
201
142
189
147
162
268
268
576
171
186
125
234
145
155
164
186
240
714
175
137
142
193
178
138
170
196
254
1787
215
148
231
141
160
137
170
278
276
1291
157
221
158
199
201
281
309
257
267
447
157
157
172
152
178
159
346
296
269
1938
139
213
153
171
196
133
240
192
267
1574
167
286
213
233
153
190
302
199
266
250
135
186
133
132
137
129
159
168
285
506
126
186
204
174
184
231
225
298
286
312
114
124
102
98
111
128
186
152
201
477
178
155
228
144
131
122
205
149
134
904
197
167
175
145
212
162
311
337
290
1525
114
181
262
209
130
468
248
309
264
150
174
188
163
138
137
121
128
134
243
421
173
179
172
107
126
120
124
150
250
799
133
231
96
175
152
479
201
219
278
682
121
156
143
171
192
122
178
161
275
317
330
149
199
175
159
146
137
169
163
631
128
216
311
137
226
223
171
163
175
642
97
262
162
179
132
102
147
179
273
439
109
176
160
451
212
205
193
165
152
433
202
99
94
159
163
421
133
135
132
452
106
219
221
432
203
219
493
144
141
305
121
155
164
174
155
466
284
89
143
250
138
171
109
488
207
240
233
108
199
311
135
168
134
507
187
243
245
121
138
160
224
142
162
120
195
161
199
129
149
202
298
225
241
278
176
309
321
168
194
181
190
160
170
152
182
251
295
177
224
342
241
191
191
234
278
170
300
197
214
370
275
236
188
184
124
144
264
138
204
448
189
242
134
115
120
122
137
287
179
214
320
160
137
181
202
193
282
230
265
331
202
203
159
242
248
199
283
320
244
318
143
120
153
183
131
154
303
221
202
628
152
128
190
178
143
195
153
174
205
169
117
197
165
205
158
193
218
204
142
499
170
230
245
166
154
188
194
179
203
306
139
142
239
180
189
209
216
175
194
175
132
262
186
183
183
193
246
168
124
125
154
236
206
174
133
219
217
185
167
242
208
148
176
148
231
194
185
346
117
255
391
232
189
228
171
308
219
313
223
429
210
204
292
1825
203
165
410
155
169
1066
126
175
145
137
391
242
217
128
218
97
142
169
193
115
152
156
259
230
159
191
204
202
228
143
181
184
248
227
172
738
142
155
123
1871
295
291
207
257
247
512
143
136
192
1768
225
186
530
279
312
240
125
167
114
1832
358
183
256
203
271
1370
195
172
205
214
315
240
220
251
259
622
142
143
165
1871
314
234
212
263
298
1216
186
207
161
183
357
224
270
261
271
1516
129
200
310
259
134
214
173
144
183
1590
138
170
260
280
129
125
144
234
202
1389
151
232
239
113
148
198
201
284
245
210
156
265
144
262
252
126
215
212
106
1299
190
235
260
136
169
173
212
268
289
968
180
181
187
206
303
238
265
224
239
252
191
230
195
129
171
208
198
291
307
1212
130
215
333
279
244
144
137
176
127
271
179
193
342
274
135
238
187
183
173
340
206
220
287
1878
324
217
240
262
272
303
193
183
224
378
254
290
221
186
197
306
141
121
103
236
133
321
204
152
149
365
147
157
162
262
257
293
222
188
197
204
196
115
130
103
269
231
228
218
247
1458
203
231
283
341
244
320
196
230
270
335
110
238
330
372
248
283
200
210
240
1536
189
150
147
210
211
248
204
223
229
1758
205
148
166
220
225
318
216
200
265
1662
102
80
140
260
251
264
192
200
176
307
244
145
224
205
125
276
251
222
206
229
340
243
199
449
238
164
239
201
142
362
204
209
311
351
250
267
198
166
197
413
166
177
273
1786
223
172
600
234
283
2107
175
103
163
397
202
193
192
213
163
495
223
176
158
259
253
307
187
192
191
1470
115
149
193
271
110
254
175
186
174
319
243
221
219
423
168
258
270
214
261
247
134
207
224
155
221
134
198
258
351
313
354
150
149
388
161
201
297
188
257
440
145
199
240
356
246
281
196
197
203
1554
150
144
206
175
342
226
192
232
349
253
214
163
170
435
284
223
190
230
288
361
240
133
174
198
153
241
259
234
204
1690
154
123
259
207
199
115
149
193
254
1583
392
237
125
422
277
216
211
198
275
286
295
167
195
170
173
235
238
253
181
1020
165
179
258
159
386
272
174
244
351
281
177
224
204
121
245
158
225
500
150
265
186
154
234
429
369
189
194
526
212
353
247
212
143
355
247
255
155
235
264
359
232
295
160
219
97
121
329
466
231
547
155
224
202
178
111
164
261
481
154
542
153
133
145
1942
354
224
205
230
347
442
143
201
250
225
161
167
144
506
211
213
174
112
344
152
307
363
204
251
133
144
157
99
342
128
280
395
208
202
136
373
261
150
230
495
287
230
203
478
130
533
155
159
220
174
183
193
233
125
171
439
146
194
158
216
304
252
234
471
147
520
130
130
172
107
181
172
220
122
126
509
158
251
162
239
113
182
176
509
184
447
316
189
223
432
226
337
266
179
202
243
210
186
184
131
276
477
550
124
134
615
183
215
223
412
226
371
314
228
190
407
238
258
401
395
255
336
246
196
235
592
154
159
136
161
167
146
398
102
131
664
175
188
310
257
175
335
227
216
189
285
100
161
150
153
167
144
135
126
202
205
178
183
130
149
161
177
154
229
192
159
183
181
326
173
312
364
191
253
129
185
307
210
229
481
285
215
211
562
219
322
338
230
376
371
240
387
230
284
142
564
203
189
269
374
255
381
265
209
146
343
160
222
139
131
114
143
164
186
139
148
103
209
153
204
191
145
221
184
151
747
161
239
135
228
222
133
208
176
159
347
264
167
107
165
164
194
166
445
147
317
210
148
133
192
167
191
195
523
142
1171
128
121
123
347
293
114
362
139
141
1211
99
107
164
183
290
118
348
133
138
400
143
162
167
140
152
210
179
118
109
448
112
144
165
140
144
203
256
755
153
645
179
252
191
176
272
135
202
2720
226
287
154
149
193
166
230
352
282
4533
268
183
181
227
146
175
198
164
199
2698
280
803
157
191
325
198
223
164
238
2796
294
276
188
197
164
144
224
135
226
2717
311
600
183
182
222
200
418
398
229
318
132
712
155
232
289
304
210
305
258
4516
278
352
194
166
196
167
274
196
379
1008
277
1001
156
239
185
101
181
156
124
251
193
204
171
184
136
187
220
127
188
4276
276
295
110
223
270
175
174
112
174
320
319
751
164
165
157
144
725
177
626
1298
305
153
158
179
153
143
163
160
186
1009
275
1287
148
198
138
213
176
227
458
287
260
77
109
168
148
225
211
205
133
307
294
599
151
148
225
175
454
322
292
365
261
139
265
185
194
127
200
135
166
270
285
144
220
219
196
164
177
162
319
369
302
311
183
158
180
129
155
181
333
400
273
1325
181
141
137
192
195
205
433
237
272
377
150
237
283
199
424
394
227
295
378
285
266
154
141
161
176
164
153
253
349
320
163
179
163
149
137
200
311
424
284
650
138
183
167
249
177
223
338
304
243
172
146
152
163
209
286
188
315
303
240
294
125
180
174
213
173
185
724
301
239
545
188
153
225
205
429
399
6175
328
235
748
159
157
573
189
170
196
6062
373
261
368
220
166
268
345
412
426
6144
366
230
794
177
150
497
187
195
143
6090
290
265
222
169
149
117
141
127
199
7418
299
209
1187
178
193
149
258
127
197
4680
400
189
189
147
134
190
169
156
262
7465
272
221
246
196
253
128
175
193
200
5666
431
215
457
157
170
142
182
208
184
218
225
154
374
182
172
241
202
234
159
191
220
163
828
210
260
166
252
155
130
6015
434
183
195
241
192
179
169
190
224
7101
326
236
980
127
236
147
179
304
200
5645
279
249
354
147
179
153
152
204
175
4416
408
261
516
192
176
169
228
140
174
4594
304
245
271
156
172
154
216
252
145
4338
399
194
192
152
169
151
212
193
142
4334
313
232
156
175
184
166
153
186
166
246
149
173
427
187
181
119
162
119
246
5080
201
213
320
181
156
136
205
211
150
4988
269
174
376
135
206
127
120
204
122
4988
232
205
476
193
166
103
166
192
175
5011
262
178
990
138
196
172
218
161
158
5075
266
181
540
163
183
181
201
155
149
4942
227
210
1012
197
250
108
258
220
170
5002
294
235
828
200
216
284
193
168
224
4996
274
234
343
210
202
210
166
185
260
4999
298
233
287
148
227
212
224
741
194
4984
319
270
813
146
139
500
196
165
137
5025
273
239
197716
197
214
204
191
196
219
303
212
212
196671
191
189
210
216
224
193
354
187
185
201723
176
128
281
198
193
133
151
204
314
201863
149
148
192
248
178
114
169
183
294
201791
149
207
241
151
175
196
220
205
310
201665
151
221
226
214
202
163
174
208
316
201856
168
145
247
218
147
170
191
180
287
197325
171
215
259
200
198
155
186
210
292
196466
165
218
194
186
150
175
190
170
168
196489
187
218
194
182
150
179
205
139
166
201345
195
242
183
183
196
190
170
150
233
197052
158
254
169
180
207
206
161
150
230
197305
224
263
171
184
205
203
147
154
245
196605
135
252
162
178
207
182
159
148
226
201049
145
145
138
131
145
142
137
128
140
397205
176
172
164
167
167
181
179
184
179
397268
141
152
242
222
221
273
225
179
175
397204
155
155
169
189
162
144
155
159
208
405699
153
149
248
219
210
216
214
263
221
396810
118
141
317
196
155
151
224
192
131
397053
137
113
339
207
175
162
166
161
203
397212
165
146
215
197
196
224
218
227
213
405212
172
159
181
167
167
132
168
164
187
797465
922
306
263
308
269
279
307
347
267
797101
1076
316
273
278
279
329
257
368
300
797251
1003
350
304
266
306
275
255
292
245
796802
878
315
271
277
277
284
263
309
262
813799
214
226
221
202
216
222
246
231
228
813676
308
256
213
210
216
222
223
254
250
813716
232
226
237
227
246
253
204
210
235
446
229
193
217
181
215
296
307
219
203
377
209
188
216
216
291
262
300
214
346
279
259
278
271
258
766
336
198
221
272
286
254
247
241
235
250
258
292
207
730
345
201
189
275
212
198
298
214
168
271
237
222
245
276
192
267
302
198
215
214
450
167
162
279
222
277
274
221
278
156
469
122
164
298
190
280
293
226
157
153
534
202
165
169
126
166
239
216
181
359
325
239
167
241
222
341
266
219
156
199
387
165
201
226
265
192
274
265
170
625
370
152
206
181
266
239
265
223
259
188
273
133
153
110
164
394
260
118
128
921
604
159
173
171
129
138
237
233
243
151
228
162
123
215
206
261
161
207
290
105
330
145
242
161
116
177
197
214
269
403
225
170
189
213
306
159
177
208
263
275
393
228
395
367
356
310
245
227
189
208
546
138
256
365
354
310
263
205
140
253
189
190
246
223
153
150
203
401
219
1130
215
180
172
209
319
181
179
495
240
183
406
251
385
161
317
369
201
220
152
191
234
188
188
190
298
509
203
221
133
251
9263
162
154
151
159
155
4874
280
210
676
199990
194
209
245
137
219
227
180
149
202
199922
275
229
278
195
142
212
206
202
165
199889
267
203
274
164
212
196
206
198
208
